64
0.726017 0.656749 0.007100 0.522765 0.433000 0.043581 0.843431 0.480412 0.682503 0.916585 0.483570 0.994753 0.690401 0.651100 0.463165 0.797890 0.386244 0.212401 0.797637 0.616553 0.372017 0.562991 0.255348 0.334860 0.733232 0.806283 0.896522 0.646907 0.145500 0.127774 0.513833 0.871517 0.784523 0.520933 0.394282 0.217523 0.564513 0.237713 0.697935 0.247016 0.154298 0.181505 0.241770 0.844699 0.832605 0.704935 0.642589 0.218849 0.917336 0.440226 0.835402 0.289353 0.003217 0.090750 0.624213 0.736450 0.897034 0.520735 0.383357 0.042534 0.648509 0.897190 0.914051 0.433033 
0.303564 0.582935 0.653524 1.201216 0.727093 0.366713 0.582311 0.901216 0.815366 0.854668 0.747236 0.778531 0.465030 0.459873 0.775111 0.427310 0.789357 0.505662 0.716558 0.888872 0.663152 0.242660 0.474293 0.544649 0.834577 1.088009 0.822026 0.446992 0.708911 0.414646 0.824383 0.430598 0.997581 0.477907 0.213692 0.306551 0.844620 0.377879 1.207767 0.241864 0.814424 0.536880 0.602271 1.279455 0.996753 0.377382 0.288642 0.367986 0.883044 0.587077 1.256858 0.128072 0.411614 0.313029 0.672721 1.246190 0.401038 1.076625 0.275059 0.691825 0.491271 1.099442 1.122424 1.070729 
0.714691 0.889800 0.625591 1.882962 0.924671 0.339097 1.743049 1.843004 1.572260 1.507017 1.649837 1.396173 1.134166 1.552691 1.322047 1.674235 1.042345 0.852872 1.909394 1.681868 1.356690 0.793609 1.056602 1.264833 1.230985 2.016207 1.525335 1.088770 1.008914 0.440999 1.189133 1.248862 2.119869 1.025653 1.358354 1.271070 1.364750 1.117004 2.114074 1.163539 1.639622 0.990441 1.575313 1.773788 1.543132 1.108289 0.674553 0.812007 1.961162 1.599548 2.493874 0.544382 0.408758 0.777006 1.809215 1.639743 1.004142 1.350150 0.955043 1.028657 1.002078 2.144175 2.277519 1.137548 
0.723889 0.878463 0.573267 2.091210 1.276897 0.915587 1.799989 2.004061 1.545381 1.543157 2.039873 1.632146 1.526813 1.991799 1.887009 1.685614 1.360262 1.390136 2.155537 2.041721 1.332215 0.991732 1.609522 1.344365 1.572543 2.026846 2.098067 1.618767 1.735840 0.830094 1.710564 2.020771 2.140944 1.454589 1.389594 1.695455 1.370176 1.296438 2.803438 1.193169 1.842527 1.224847 1.828248 2.473263 2.320570 1.093861 1.540413 0.958445 2.483998 1.698881 3.000165 1.197748 0.797469 0.991224 2.542114 2.370011 1.396674 1.747036 1.266392 1.135446 1.851812 2.976956 3.156217 1.099611 
0.297759 0.307265 0.139943 0.813383 0.854454 0.715114 1.437411 1.590978 1.291577 1.578597 1.404771 1.140833 1.680583 1.314692 1.482294 1.435445 1.071273 0.940496 1.273551 1.851142 1.190836 0.591375 1.519992 0.618716 1.187361 0.972804 1.093181 1.194747 0.810912 0.524035 1.152357 1.437381 1.249557 0.661098 1.717670 1.570916 0.894841 1.203163 1.620101 0.653323 1.371633 1.468613 1.384031 1.510424 1.241513 0.720192 0.870983 1.298319 1.660689 1.253036 2.149462 0.776638 0.892492 1.113194 1.395354 1.079853 1.421238 1.055243 1.260134 1.340652 1.456310 1.412491 1.778033 1.272576 
0.110304 0.219031 0.325794 1.043342 0.904379 0.960362 1.947531 2.307821 1.402305 1.574356 1.649835 1.393639 1.908278 1.606297 1.857323 2.253639 1.906851 1.193672 1.383886 2.275378 2.088928 0.783979 2.155637 1.331088 1.873684 1.228090 1.536976 1.495556 1.331205 1.496781 1.558641 1.754731 1.625092 0.691820 2.727366 1.962968 1.124220 1.856302 2.604124 1.015645 2.306538 2.492829 2.257353 2.548150 1.432461 1.533289 1.596433 2.272659 1.726961 2.300427 2.575848 1.610532 1.237998 1.998167 1.941620 2.139494 2.145019 2.104227 1.568397 1.796331 2.214248 2.154850 2.578874 1.464970 
0.483416 0.641723 0.472468 1.477604 1.078945 0.862752 1.381211 2.375618 1.190898 2.040560 2.278693 1.522264 1.974641 2.024258 1.665247 1.937018 1.840400 1.479872 2.009382 2.461015 1.213626 0.720266 2.097283 0.999379 2.340155 1.453193 1.931969 2.025415 2.069574 1.839505 2.287398 1.930625 2.129439 1.219547 1.250540 2.082572 1.380567 1.277520 2.905447 1.035786 1.445412 1.671983 1.892203 2.867310 2.007856 1.504321 1.787084 1.682023 1.848551 1.293245 2.800576 1.180574 0.866099 1.178884 2.044313 2.999434 1.623141 2.127137 1.722975 1.053853 2.167989 2.803553 2.777658 1.312642 
0.565369 0.691596 0.392847 1.056093 1.039408 0.723187 1.866577 3.234390 1.834660 2.311139 2.330844 2.315715 2.832562 1.666069 1.875262 3.035242 2.213350 1.831275 2.423001 2.643245 1.917207 0.979529 2.154742 1.481024 3.140565 2.354580 2.209687 1.976779 1.763174 2.540235 2.360303 2.088680 2.316069 1.286261 2.538431 1.940439 1.744558 2.366570 2.771390 1.341826 2.563749 3.104603 1.878814 3.453768 2.589168 2.121732 1.944450 2.333990 1.714046 2.022356 2.863939 1.325654 1.376886 2.146714 2.028614 2.643115 2.848757 3.285894 1.912405 1.488772 3.002839 2.937475 2.703116 2.127542 
0.230608 0.439786 0.548370 1.434888 1.068957 0.995080 1.770926 2.853769 2.206090 1.977931 2.299694 2.356219 2.741440 2.162116 2.752359 3.052096 2.696985 1.835086 2.758490 2.445538 2.589309 1.058916 2.281367 1.705769 2.615382 2.375207 2.159938 1.746790 2.146138 2.582238 2.339331 2.432750 2.344543 1.990692 2.531886 2.932216 2.055598 2.489558 3.380357 1.567406 3.298474 3.209685 3.084690 3.337492 3.186901 2.281950 2.615980 2.670974 2.591957 2.686826 3.485860 1.932736 2.094589 2.669987 2.859233 3.561797 2.219872 3.523087 2.613197 1.899094 2.830471 3.101148 3.704971 2.153851 
0.722140 0.926160 0.620302 1.791229 1.260241 0.905995 2.039469 3.661278 2.035132 3.183936 3.088853 2.862871 3.352077 3.345203 3.102863 3.540070 3.117539 2.550831 3.712202 3.133639 3.107446 1.264360 2.593826 2.922790 4.344273 3.900613 3.114342 3.451946 2.827525 4.118096 3.454810 2.847758 3.899829 2.807403 3.137592 2.728527 2.740459 3.121674 3.836743 2.650339 3.239358 3.278940 2.625923 4.834542 3.440576 3.394014 3.418617 2.936856 2.469450 2.568560 4.242277 1.832828 1.726284 2.943996 2.998991 4.932480 3.448025 4.177958 3.336491 2.220130 3.672051 4.456244 4.822438 2.161112 
0.130229 0.335467 0.483336 1.157052 0.874266 0.834321 0.924251 2.282481 1.236632 1.835975 2.233986 1.909870 2.469359 2.907566 2.946417 2.301765 2.033802 2.157917 2.724699 2.251095 2.803867 1.060582 1.994272 2.228544 3.260313 2.341347 2.171276 3.019268 2.577621 2.954172 2.332721 2.410140 2.292254 2.108690 2.116291 2.374753 2.165602 2.933502 3.375460 2.386448 2.744032 2.203928 1.983964 3.829703 3.250005 2.657405 2.404756 2.774098 1.896476 2.185453 2.956950 1.411260 1.627773 2.263329 2.841098 4.049264 2.220897 2.876484 3.081021 2.537026 2.877723 3.662987 3.664791 2.115239 
0.140664 0.128184 0.104676 0.899378 0.792870 0.908570 2.077526 3.148851 2.102972 2.616668 2.697027 3.295830 4.154634 4.223554 4.236204 4.751821 3.346217 3.128441 3.573171 3.572532 3.925917 2.339410 3.396000 3.276405 3.717506 3.131462 2.987358 3.949423 2.705808 3.726783 3.115179 3.618495 3.219292 2.930615 4.161142 3.971982 2.680768 4.319666 4.392906 2.924880 4.091973 3.730797 4.438325 3.895583 3.983650 4.146846 4.242866 4.026708 3.324905 3.328738 4.868840 3.144132 2.263639 3.935002 3.894385 4.495559 4.007291 3.639095 4.124194 2.954229 3.907415 4.178498 5.204069 2.729583 
0.682652 0.888599 0.664180 1.902383 1.251958 0.772546 2.311452 2.815888 2.378482 2.809565 2.384782 2.813068 2.945206 3.891560 3.752176 4.071518 3.748156 2.467156 3.426908 4.070997 3.926126 1.640910 2.689656 3.054216 3.064069 3.259721 3.471240 3.164299 2.817896 2.829970 2.788488 3.409052 3.615385 2.148924 2.816265 2.847103 3.011106 2.925131 3.779138 2.016366 3.683970 2.705201 3.987487 4.137569 3.962521 3.169720 3.078329 3.614748 3.966345 3.594084 5.187447 2.680305 2.506129 2.641069 3.435462 3.968093 3.240029 3.503675 3.443256 2.590061 2.598738 4.299744 4.387699 3.041713 
0.714460 0.709937 0.202290 1.234442 1.008560 0.743632 2.156464 2.879130 2.095677 2.794446 2.515192 3.169821 3.571843 4.428950 4.267306 4.980457 3.919800 3.264104 3.806261 4.160778 4.139317 2.871764 3.415712 3.071617 3.800866 3.211095 4.094835 3.972135 2.966532 4.114483 3.970844 3.894001 4.356110 2.958338 3.661050 3.771833 2.846942 3.587810 4.774230 2.972508 4.076878 3.860333 4.472095 4.440966 4.431449 3.792572 4.749241 4.293955 4.344189 3.290983 5.838526 3.400747 2.229046 3.320528 4.154214 4.521276 4.405743 3.781700 4.344076 2.876944 3.349223 4.965252 5.512365 2.625193 
0.079124 0.266309 0.473006 1.099730 0.533575 0.452356 0.973567 2.066687 1.214793 1.213965 1.683093 1.977832 2.123391 3.019767 3.360293 3.552538 2.803766 2.968091 3.596335 2.791095 3.788477 1.852525 2.348923 3.511943 3.116097 3.292437 2.913722 3.338546 3.404000 3.096550 2.791450 3.322746 3.489052 2.311454 2.372621 2.692085 2.914715 3.282528 3.283271 2.236619 4.257458 2.926930 3.607246 3.716340 4.208358 2.676457 2.724709 3.473475 2.914929 3.477082 3.809747 2.476425 2.336649 3.034493 3.486936 2.900633 3.391937 3.863422 3.300163 2.716387 2.311924 4.018966 4.106309 2.965319 
0.452916 0.683667 0.664281 1.765517 0.996372 0.660596 1.696766 2.330710 1.546057 1.795481 2.111418 2.541287 2.457830 3.670393 3.945907 4.793085 3.517687 4.146594 4.534830 3.556070 4.757879 3.734560 3.291896 3.737502 4.157413 3.703346 3.694810 4.721622 3.532013 3.750231 4.250369 4.482784 4.913766 2.845849 3.077420 4.404918 3.797974 4.008651 6.208870 3.734415 4.916518 3.938495 5.193652 5.079591 4.810921 3.936260 3.850584 4.162754 4.573155 4.087944 5.028533 3.091946 1.815005 3.264218 5.186256 4.679253 4.004046 3.569355 4.097538 3.782406 3.521878 4.933211 5.334707 4.033646 
0.536768 0.657571 0.435394 1.479104 1.009019 0.696544 1.635418 2.276584 1.469357 1.970966 2.230304 2.166786 2.439346 3.589210 3.528711 3.606383 2.894348 3.239368 3.681559 3.696280 3.946479 3.566388 2.891934 3.016409 4.067941 3.569770 3.759240 4.817438 3.577844 3.446672 3.745696 3.933417 4.762467 2.362525 2.956735 3.703775 2.852342 3.863192 5.369078 3.440892 4.311575 3.477090 3.896606 5.145888 4.248987 3.841800 3.286258 4.375133 3.651741 3.422352 4.668830 2.475924 1.731859 2.845511 4.731025 4.847023 3.622948 2.917958 4.556779 3.461769 3.514571 4.803760 5.307794 3.297424 
0.245863 0.449590 0.581972 1.638560 0.923565 0.768872 1.711151 3.546582 2.202809 2.285598 3.189500 2.875605 3.508813 4.192224 4.285058 4.749477 3.505066 3.965372 5.087410 4.295597 5.082284 3.000495 3.812580 4.360927 4.669293 4.456840 3.863758 5.044858 4.404196 5.537270 4.568712 3.735900 5.333911 3.790330 4.312696 5.411494 4.059204 4.945901 6.412020 4.896063 5.864359 5.084041 5.543139 5.890100 5.487701 4.195799 5.056520 5.374731 4.140103 3.988878 5.944165 3.711019 2.694232 3.852106 5.971663 6.050744 3.979803 4.393770 5.400727 3.640209 4.803056 6.250700 6.034649 3.416177 
0.114935 0.292123 0.417842 1.108230 1.142952 1.259267 1.681170 3.135973 1.721023 2.636585 2.597358 3.070477 3.844540 4.165635 4.630862 5.368446 5.020708 4.911526 5.881412 5.464907 5.585582 4.169723 4.450112 5.142838 6.316883 5.044196 4.934091 6.664775 5.179193 6.396276 5.112657 6.020842 5.471795 3.588603 4.342339 5.371271 4.608441 5.062035 6.947455 4.229643 6.481906 6.150187 6.578477 7.088462 5.721560 5.165502 5.664709 5.916453 5.130280 4.970315 5.694232 5.121070 3.646080 4.764945 5.872046 6.117917 6.106794 5.133017 6.159457 4.147060 6.239818 6.490886 6.686585 5.069436 
0.206471 0.291447 0.276592 0.956062 0.750268 0.686184 1.270836 2.004484 1.324354 1.964090 1.922639 2.112184 2.615946 3.550005 3.796498 3.823888 3.243187 3.904239 5.294145 4.936782 5.464135 3.866128 4.240770 5.879219 5.471514 5.586834 3.960517 6.422642 5.136279 5.268579 4.479319 4.822950 5.711347 4.246781 4.575786 5.816113 4.550040 5.453992 6.311553 5.223947 6.356612 4.958134 6.125542 7.024955 5.239058 5.007267 5.142286 5.460318 4.437062 4.674941 5.472065 4.189935 3.085716 4.672329 5.958615 6.086568 5.438725 3.977014 6.550236 4.523571 5.648870 5.644829 6.210333 5.112605 
0.652964 0.591729 0.084337 0.916613 0.759836 0.499891 2.356032 2.900466 1.745115 2.451776 2.205033 2.624950 3.108569 3.979342 3.763005 5.133218 3.622004 3.290759 4.448768 5.218703 5.499255 4.029047 4.384974 4.734799 4.806549 4.810853 4.867840 5.659952 4.862453 5.537230 4.620218 5.148025 6.130334 3.135574 5.719388 5.324183 3.686032 4.755444 5.519837 4.075773 6.053155 5.256065 6.230594 6.100115 4.720558 4.502873 5.284354 5.834942 5.256167 5.419469 6.673864 4.494176 3.113799 4.951541 5.254467 4.971119 6.587808 4.973238 5.500081 4.213036 5.079168 6.355940 5.925484 4.427384 
0.640519 0.628475 0.151306 0.855327 0.681148 0.347342 1.658791 1.712940 1.790522 2.532210 1.564724 3.132070 3.115992 4.200855 4.362506 4.323114 3.485893 3.121197 3.866612 3.932904 5.169495 5.253005 4.179352 4.971467 4.798248 5.504199 4.767052 5.808455 4.973954 5.712958 5.050254 5.608917 6.764637 3.880119 5.632930 4.820991 4.079939 4.754954 5.339365 4.335864 5.264019 4.882818 5.971897 5.413603 5.219838 5.955466 5.603532 5.435937 5.729724 4.866469 6.956209 4.397045 2.734764 5.536303 5.122390 6.265748 6.623528 4.960752 6.117442 5.094102 4.628038 5.477308 7.304847 4.423764 
0.252524 0.405163 0.415031 1.292378 1.126166 1.147066 1.658333 2.989719 1.742980 2.578232 2.720462 2.632268 3.420276 4.364652 4.512339 4.286027 4.125347 3.927198 4.971622 4.877579 5.723265 3.837102 4.827721 6.301907 6.374098 6.400369 5.525071 7.184602 7.232316 6.865518 6.194354 6.301936 7.360671 4.331050 5.523424 6.245848 5.634212 6.112379 6.217808 5.173048 6.767537 5.460440 6.438343 7.786859 6.379590 6.671031 5.908049 6.809450 5.448973 6.588735 7.199273 5.333629 4.429168 6.318927 6.621240 8.171676 7.268334 6.313061 7.430539 6.067385 6.747537 7.223219 7.789717 5.634007 
0.600689 0.745475 0.530646 1.891391 1.145617 0.832478 1.814646 2.686864 1.785290 2.165173 2.627431 2.508462 2.764628 4.039273 3.742636 3.917407 3.433751 3.924046 5.294669 4.674945 4.975433 4.213409 3.476973 6.063005 5.405377 7.076554 5.454300 7.359903 5.866462 5.741688 4.800376 5.610823 7.212605 3.944021 5.329060 5.980920 4.675605 5.005042 6.397128 5.357483 6.813476 4.427464 6.701637 6.992775 5.585429 5.848016 5.759793 5.674773 5.879935 5.628268 6.477888 4.500400 3.872347 4.567328 6.382810 7.371357 6.051759 5.096620 6.574419 4.171306 6.630006 7.097081 6.625381 4.996719 
0.286732 0.266059 0.052450 0.668576 0.518527 0.606900 1.178144 2.067372 1.323318 1.144195 1.730833 2.600919 2.726135 2.923863 3.531375 4.603652 3.298967 4.089739 5.300358 4.053647 4.641170 4.791997 3.951904 4.849677 5.793951 5.638640 4.709693 6.296676 4.876532 6.305364 4.927183 5.505698 5.989789 4.250427 4.593376 5.983512 4.128061 4.926379 6.870118 5.461493 6.932278 6.335369 7.321299 6.288558 5.703608 4.897680 6.281134 6.005092 5.405289 4.311930 5.913755 6.017149 2.914882 5.070796 6.989720 6.124593 6.538557 5.441440 6.047966 4.010252 5.958630 6.755243 6.746536 4.414960 
0.659396 0.773106 0.394887 1.132384 0.748265 0.329871 1.349379 2.579463 1.712745 2.561293 2.274141 3.152041 3.264337 3.724675 3.720175 4.869475 3.861503 4.050949 5.239278 4.561514 4.606822 4.084025 3.922289 6.185062 6.159901 6.772546 5.767285 7.392900 6.078049 6.786052 5.896502 5.500553 7.715875 4.850072 5.171549 6.868915 5.899366 5.855443 6.747029 5.383152 6.561670 5.373799 6.971953 7.040107 5.747825 7.528512 6.576421 6.613466 5.900569 5.284620 6.486260 4.794644 3.961425 5.879705 6.719980 8.315065 6.925413 5.990784 6.942667 4.916823 6.500342 6.042309 7.323652 5.508588 
0.198814 0.267217 0.260405 1.115728 0.985871 1.084157 2.015899 2.461083 1.791479 1.905529 2.051292 2.666240 3.115534 4.208766 4.533364 5.117958 4.411922 4.172918 5.086458 5.707171 5.955632 4.844583 5.522615 6.855741 5.981959 6.186214 6.626697 8.025956 7.222493 7.093241 6.659158 7.633284 7.601834 5.044834 7.611876 7.610677 6.186044 6.874156 8.025057 6.223691 8.732439 7.564925 9.416420 8.411477 6.859772 7.051558 7.784501 8.211216 8.002646 7.299465 8.383439 7.949323 4.924212 7.523152 8.239637 8.321606 8.416088 7.149708 7.906614 7.192599 7.406064 7.491643 8.636953 6.220589 
0.553033 0.612687 0.314733 1.274359 0.744874 0.417250 1.394635 1.790038 1.717133 2.007181 1.953344 2.432055 2.520517 3.652859 3.435538 3.901087 3.295631 3.331731 5.118920 4.740634 4.730858 4.347383 3.861549 6.124835 5.439070 6.747029 5.720660 8.031404 7.280481 6.455602 6.245119 6.874122 8.195375 5.538129 6.679363 8.234939 6.257706 6.526344 7.902142 6.324029 8.131312 5.995296 8.825531 7.630663 6.762331 7.929853 7.567873 7.432007 7.204971 6.585834 7.483631 6.493131 5.115708 7.077163 7.995447 8.748959 7.072509 5.842904 8.026073 6.105356 7.247311 6.487544 7.664556 6.123655 
0.428046 0.428273 0.106373 0.538521 0.587086 0.452247 1.595492 2.154743 1.523290 1.857503 1.599142 2.511762 2.773120 3.456717 3.430079 4.441402 3.625759 3.003610 3.564548 3.971768 4.877044 3.284172 3.663123 4.614173 4.956078 4.951841 5.304109 6.545752 6.777065 6.575727 6.086833 6.980618 6.584638 4.641070 6.790198 6.570360 6.124760 6.496218 6.063935 5.353523 7.687624 6.753385 8.189402 7.756527 6.194285 7.216522 6.379871 7.798204 7.011552 6.255419 7.313453 6.687385 5.247354 7.137535 7.321035 7.879465 7.174603 7.192659 6.161750 6.988935 6.167440 7.149779 6.505218 5.666917 
0.605070 0.767552 0.496934 1.520472 1.240580 0.955394 1.686403 2.389296 1.620937 1.912430 2.061978 2.171796 2.315307 2.227118 2.685162 3.137279 2.776805 3.154452 4.470469 4.423407 3.753491 3.850380 3.929730 4.752470 5.662213 5.940609 4.882912 6.347970 5.742763 6.031427 5.872027 5.753860 6.725454 4.953839 5.996928 6.840468 5.111555 5.983412 6.914401 5.410546 6.785632 6.472320 7.282873 7.425934 6.040892 6.221242 5.928926 6.254493 6.412035 5.234747 7.025285 6.111525 4.381936 5.392261 6.943584 7.601163 6.899559 6.069057 6.507593 5.908807 6.552133 6.786280 7.498276 5.649578 
0.157903 0.376136 0.509443 1.102070 0.995929 0.882289 1.261027 3.029760 1.948902 2.414795 2.674662 3.017013 3.692197 3.657446 4.112600 4.608459 4.082975 4.279648 5.020276 5.132017 4.613146 4.677172 4.971919 5.961715 6.630753 6.659548 5.594540 7.493536 7.305490 6.891212 7.907723 7.306507 7.818481 6.516550 6.760211 8.841899 6.288520 7.474695 8.452814 7.061784 8.470621 7.744074 9.044537 8.756557 7.320148 9.045040 7.160412 8.553270 7.224660 6.629719 8.710764 7.048334 5.569985 7.418013 7.865900 9.867652 8.034778 8.060028 9.195798 7.816690 7.768704 7.424596 9.077308 7.344904 
0.142268 0.414724 0.647698 1.353851 1.095719 0.866348 1.355195 2.237201 1.935705 2.513172 2.043502 2.554012 2.996978 3.771605 4.580066 3.660976 3.391569 3.388021 4.619421 5.135627 5.589205 4.169942 4.555184 5.613880 5.503084 5.993449 4.910567 6.815556 6.841060 6.551500 6.888743 6.893336 8.465639 6.618016 8.407341 8.757406 6.553697 7.262594 8.156465 6.100568 9.153973 7.471518 9.601307 7.515327 7.239697 7.675570 7.224252 8.132098 7.360772 6.638006 9.074591 7.477330 6.387161 7.421483 6.998269 8.500844 8.342712 7.151593 8.523574 8.835125 6.430516 8.000134 9.186009 7.174145 
0.124056 0.286240 0.371258 0.936968 1.005864 0.984031 0.888041 2.069264 1.539946 1.634595 2.019197 2.646610 3.118567 3.682638 4.277541 4.188677 3.789219 4.518509 5.157243 5.303235 5.124948 4.470840 4.192002 5.739394 5.892108 6.433310 5.479775 7.382195 7.513003 6.786634 7.261579 8.187038 7.940572 7.170085 7.643655 10.499064 6.867982 8.665537 9.595640 7.845340 10.570433 7.936417 10.347923 9.391181 8.971029 9.348161 8.246181 8.686087 8.823943 7.740543 9.206845 9.137733 7.598373 8.132534 9.249542 10.234708 9.198896 8.178444 9.771161 9.070603 8.662033 9.694972 8.944755 8.601503 
0.533001 0.785070 0.696558 1.895000 1.506788 1.155013 1.901937 3.377985 2.542088 3.118229 3.121891 3.431150 3.982016 4.266926 4.956825 4.618129 4.069238 4.502656 6.500150 5.935527 6.089461 5.043207 5.333508 6.880278 7.430823 8.133953 7.154904 9.750710 9.959401 8.807481 9.029449 9.957033 10.565453 7.684040 9.888042 10.730717 8.800566 9.440676 11.175479 8.775872 11.707754 10.555661 11.622963 11.291937 10.166627 9.657623 9.570323 10.976058 10.008164 9.347695 11.139744 9.831235 7.994160 10.887452 10.810420 12.065126 11.040337 10.325164 10.926644 10.779680 9.889656 10.518373 12.038439 9.317533 
0.326582 0.597804 0.722208 1.842432 1.192164 0.988606 1.948929 3.369064 1.905817 2.460741 2.796342 2.921773 3.337898 4.689997 4.865428 5.521767 4.966681 5.203686 5.692431 5.438406 6.144655 5.632580 4.939552 6.634239 7.160827 8.479905 7.400578 8.880301 8.227372 9.041908 7.535851 8.902635 10.762024 5.983811 9.653578 9.699238 7.633644 9.017731 10.427712 8.857592 11.077723 9.579002 11.092608 10.282453 8.686027 9.947476 8.689775 9.574053 10.027716 8.838991 10.732246 9.022903 6.869709 9.933277 9.867153 11.583594 10.311633 9.907561 9.970671 10.064207 9.583545 10.322372 11.073063 7.765115 
0.267008 0.480327 0.583607 1.650216 1.145923 0.977138 1.515321 3.165421 2.089927 2.460697 2.917862 2.470317 3.208138 3.758948 4.060533 3.815686 3.297584 3.656588 5.574563 4.822551 5.074332 3.560276 4.324893 5.924398 5.809311 6.842149 5.839202 7.381217 7.960106 7.298073 7.603259 7.162159 8.288572 6.658258 7.508961 8.890655 7.153361 7.628536 7.829766 7.464067 9.501268 8.616379 9.870345 9.073397 7.056713 7.140337 7.853932 7.758186 8.552385 7.680361 9.372792 8.023186 6.210822 7.884185 8.052377 9.122755 8.321965 8.989393 8.635193 8.402784 7.577258 8.969957 9.582702 6.634682 
0.058976 0.231154 0.458459 1.145036 0.862220 0.738600 1.658276 2.953660 1.541132 2.835885 2.634849 1.940791 3.017206 3.831545 3.697607 4.186635 3.522036 3.912735 5.334327 5.353552 5.634683 4.085211 5.404919 7.104688 7.365913 7.039900 5.815483 9.264874 7.912634 8.146962 8.442443 7.673940 10.004126 6.836090 9.558534 10.756009 9.267657 9.994842 9.826910 9.680085 10.922077 10.407506 11.741437 10.638914 7.415290 11.195556 8.304914 11.229187 9.435047 8.290069 9.928698 10.243534 6.298551 9.323357 10.193233 11.505755 9.620167 9.194015 10.459721 11.658350 10.059834 9.525191 10.818687 8.472317 
0.332195 0.451116 0.420317 1.547175 0.995358 0.852166 1.605811 2.194031 1.371568 2.162787 2.293257 2.229887 2.695679 4.851782 4.613528 4.386175 4.025984 4.467830 5.598680 5.099032 5.928351 4.948864 3.989485 6.425641 6.559383 7.350427 6.445928 9.296442 7.971044 6.966923 7.377700 8.787168 9.268423 6.228241 8.047880 9.799854 7.297397 9.495074 10.223736 10.224483 11.248571 10.050756 11.782588 11.185921 8.862938 10.943316 10.177455 10.476658 11.437135 10.026950 10.610106 10.392441 7.886569 9.754513 10.327645 11.922135 10.924436 10.156823 11.276885 10.794569 9.827682 9.951703 11.650877 9.297189 
0.435270 0.629958 0.563530 1.491670 0.833844 0.567524 1.628112 2.766087 1.644415 2.175393 2.394697 2.798612 2.917168 3.374811 3.144622 4.586804 3.881258 3.869421 4.710835 4.877023 4.426867 5.018174 4.824407 6.365865 6.399195 7.721106 6.223544 8.145803 7.982918 8.477577 7.568800 7.763638 10.066163 6.470317 9.417265 11.569775 7.720347 10.422215 11.057121 10.752032 10.362185 10.821436 13.134078 10.498303 10.164927 13.383762 12.009061 10.219156 11.475042 10.489415 11.427148 11.201320 8.110616 11.506167 10.996064 14.471944 12.208159 12.076584 11.428343 11.034742 12.104348 9.619494 12.490208 9.815733 
0.079963 0.197361 0.320494 0.926761 0.570599 0.601355 1.133467 1.889840 1.471175 1.402814 1.673444 2.186916 2.380526 2.592762 2.880903 3.214193 2.776787 2.530766 3.211881 3.554447 3.431876 3.427484 4.210206 4.865777 4.663913 5.584024 4.374602 5.680150 6.718440 6.401308 6.212953 6.461515 7.244572 5.718038 7.371763 8.954138 6.022532 7.860067 7.734093 8.246268 8.241763 8.937445 10.417929 7.693949 8.826489 10.358066 8.745455 9.334875 9.379312 8.184953 9.655335 9.313996 6.682804 9.709426 9.236588 10.182883 8.953607 9.810294 8.740430 9.490718 8.845198 7.933807 10.127784 7.585189 
0.035155 0.172433 0.390429 1.243377 0.822043 0.875018 1.495026 2.947263 1.488905 1.986976 2.696704 2.137280 2.995896 3.881852 4.050290 3.848830 2.694938 3.289511 4.450436 3.991219 5.017289 3.504896 4.759130 5.377794 5.640635 5.762309 5.114333 7.192352 8.064342 7.034971 7.578080 8.136438 8.453759 6.653646 9.520762 9.727782 6.870249 9.660111 9.041766 9.096681 10.650108 10.817147 11.151173 10.211083 9.981958 11.172577 10.121142 11.022499 9.924324 10.396552 11.047722 10.671622 8.029811 11.388268 9.689035 10.652400 10.511105 11.516446 9.972627 12.095778 9.278869 9.429491 12.299322 8.658016 
0.699082 0.645072 0.124368 1.308479 1.054646 0.818371 2.205524 2.746971 2.092060 2.654955 2.686090 2.963622 3.535273 4.576572 4.140779 4.838298 3.990860 3.539860 4.814225 5.821239 5.066991 3.777055 4.866861 5.795588 5.662756 6.125514 6.445131 8.588240 8.391066 6.804772 7.859684 8.962834 8.922114 6.547802 8.885552 11.509155 7.770113 9.962660 10.311289 10.040716 10.864178 11.827066 13.136700 11.858521 13.121059 13.279043 12.383607 13.592243 12.848208 12.920788 12.820935 13.759885 10.122871 12.471222 12.554685 13.459641 12.654812 12.786551 12.989232 12.375656 11.012895 12.053238 13.236131 10.749333 
0.311307 0.288255 0.046296 0.566655 0.714988 0.710509 1.556503 2.331403 1.688448 2.162099 1.926592 2.826769 3.347985 3.424069 3.822857 4.705309 3.681054 3.963744 5.328123 4.775693 5.493359 4.456151 4.468085 6.232141 6.365821 6.764809 5.433360 7.865703 6.823977 7.649565 6.665571 7.641242 8.279350 6.029242 8.024926 9.742539 7.034519 8.388906 9.750188 9.455834 10.047102 11.229619 12.949214 10.844624 10.416771 11.819093 12.905236 11.866761 10.109935 11.520248 11.439306 12.974687 7.723138 11.924644 10.409226 11.654166 11.770514 10.605111 11.296130 10.661994 10.966377 10.722693 11.861474 10.520349 
0.379750 0.565529 0.552805 1.442836 1.063666 0.707547 1.994491 3.247993 2.277107 2.324215 2.660042 2.975567 3.477039 3.964764 4.301681 5.125884 3.816381 4.237414 5.152514 5.277941 5.373066 5.220922 4.950814 6.081737 6.221709 7.013956 6.387939 7.881063 7.701769 7.358021 8.031491 8.761497 9.733172 6.665702 10.307570 10.488506 7.790581 10.484217 10.750887 10.046923 11.831886 11.785308 12.686351 10.911938 11.354486 13.003212 10.973465 11.838007 12.512234 11.673141 12.370977 12.058551 8.947280 11.656326 10.609259 12.725456 12.215933 12.502048 12.133430 12.121924 11.833924 10.719980 13.248896 11.062688 
0.652005 0.740374 0.330719 1.206327 1.093415 0.797357 1.451876 2.540997 1.548772 2.605703 2.497361 2.586972 3.089573 3.573310 3.552094 4.107170 3.633027 4.137312 5.593077 4.921042 5.074380 4.065264 4.400091 6.476357 7.042614 6.895130 5.925948 9.456271 8.626702 7.405428 8.988693 9.036494 9.820537 7.704559 8.890526 11.413048 9.273926 10.236506 11.290700 9.974120 11.603294 11.055775 12.897390 13.046923 11.871797 14.593405 12.459279 13.998167 11.790329 11.602182 11.639287 13.555745 10.027774 10.849565 11.905902 14.433857 12.074321 12.662996 12.653497 11.722050 12.226090 11.882795 14.017497 11.814405 
0.304594 0.378077 0.248725 0.817817 0.715752 0.579071 1.257869 1.961478 1.357018 2.158195 1.735688 2.183754 2.613045 3.364819 3.430141 3.663615 3.394797 3.061997 3.806389 3.741177 4.078660 2.711415 2.942852 4.294192 5.014106 5.147699 4.499901 6.377668 4.933392 5.266390 5.707732 6.525746 6.751993 5.290332 6.647577 8.436703 5.811661 7.948539 7.721009 8.002145 8.968855 9.441555 10.503777 9.971772 10.217172 11.866490 11.073805 11.911937 10.077041 10.490917 10.759941 11.835248 7.831802 10.355809 9.990767 11.151369 10.587353 11.645905 11.137833 11.064815 9.595098 10.022283 12.007212 10.426520 
0.453082 0.615272 0.457171 1.168267 1.088067 0.850757 1.904525 3.120657 2.301950 2.938961 2.466060 3.612165 4.040374 4.685961 5.117886 5.302739 4.791075 4.400906 5.299530 6.369334 6.326419 3.722532 4.919753 7.577748 6.681746 7.315603 6.709939 8.711191 7.986910 7.684436 8.569859 7.652889 8.911522 7.970001 8.818542 10.394729 8.909568 11.236003 9.469040 10.004091 12.327572 12.451835 13.294422 12.974731 12.788311 14.592456 14.423428 15.212337 13.361436 12.811204 14.133271 15.058823 11.008928 12.693569 12.436098 14.511685 13.926001 13.793639 13.813954 13.716821 13.372265 13.660255 15.180252 12.930298 
0.454298 0.640982 0.539233 1.530283 1.197317 0.975317 1.903787 2.853303 1.847198 2.660038 2.403548 2.445244 2.928736 3.948878 4.409780 4.455368 4.020216 3.873477 4.828350 4.588669 5.782003 3.870454 4.479949 5.990783 6.189406 6.669150 6.016169 7.617120 7.513530 7.287861 8.185023 7.537991 9.518094 6.517457 8.522561 9.784445 7.733149 8.755852 9.507923 9.671003 10.599996 11.190844 12.587766 11.535525 10.773864 12.210299 13.227519 13.717258 12.437235 12.755035 14.304543 13.437188 10.247252 12.573521 11.630659 14.052230 14.072989 14.065633 13.038549 13.384427 11.763192 12.700209 15.029304 12.572898 
0.006084 0.137559 0.331317 0.901558 0.804749 0.901093 1.535823 2.199725 1.328118 1.746330 1.841781 2.296283 2.777878 3.129064 3.435058 3.454754 2.804120 2.727560 2.685926 3.597816 4.103865 3.385733 3.990902 4.834481 4.864470 4.871762 4.575318 6.856417 6.768654 5.767303 6.856447 6.915920 7.391773 5.408450 8.638721 9.283330 6.517662 8.994049 8.211464 7.255688 9.333560 8.702633 11.142666 8.708368 9.236480 12.085371 10.346954 11.944923 10.426922 11.207780 12.294018 12.443150 8.605317 11.368752 10.560278 12.400616 11.919205 11.473224 10.964364 11.751542 11.031726 9.984941 12.133748 10.357214 
0.232892 0.374285 0.412490 1.121399 0.842617 0.712975 1.801154 2.596595 1.967906 2.227184 2.155246 3.004716 3.353278 4.074292 4.412797 5.289119 4.157071 4.051807 5.463789 4.893473 6.037543 5.153530 4.841061 6.921362 6.528205 6.725836 6.837656 8.888217 8.585938 8.268175 9.040743 9.349063 9.460321 7.337879 9.665925 11.307224 9.081403 10.038418 10.709727 10.130288 11.373491 12.467939 14.238265 11.578960 10.778567 13.911903 13.445472 13.687037 13.985481 14.458841 14.376841 15.271787 10.326847 13.541710 12.700618 14.960573 14.442738 13.854106 14.631095 13.779879 13.401533 13.074872 14.940408 13.291158 
0.123849 0.350690 0.581059 1.422150 0.947595 0.885723 1.786060 3.279795 2.029418 2.230199 2.649011 3.042245 3.545112 4.365968 4.663633 5.317116 4.424291 4.414508 5.390676 5.759490 5.634802 4.087873 4.760108 6.520755 6.110163 6.361790 6.289192 7.414426 6.903703 7.725562 7.447090 7.067793 8.279839 6.747866 8.352683 10.019149 7.559542 9.721137 10.239962 9.991498 11.034388 10.966578 11.973638 10.362230 10.778898 12.995948 12.492946 13.951439 12.294665 12.375792 15.132849 14.839734 11.353586 12.810767 13.752019 14.249627 15.197497 14.215020 13.920099 13.430192 13.510798 13.658599 16.144775 12.619667 
0.644008 0.805402 0.552461 1.733607 1.039942 0.664105 1.899229 3.361907 2.102943 2.632175 2.966720 2.965966 3.357011 4.570923 4.258384 5.315989 4.745779 4.818997 6.933665 6.348882 6.391924 5.253191 4.804818 8.418133 8.249558 10.140225 7.607978 10.132926 8.846495 8.785199 8.111036 8.524791 10.865820 7.043602 8.464117 11.514746 8.589234 10.549478 10.991751 12.442457 13.168473 11.960235 14.798000 14.288372 12.890404 15.620465 14.656062 15.479527 14.537862 15.046303 15.914068 16.775644 12.140910 14.735807 15.461346 18.129293 16.712048 16.910582 17.224266 14.092214 16.666494 16.658619 17.463713 15.561628 
0.182772 0.350424 0.436914 1.052592 0.878219 0.701567 1.394476 2.982554 1.840902 2.498812 2.589911 2.260074 3.145725 3.502965 3.779541 4.012504 3.261395 3.420862 5.381219 4.818084 5.273961 3.185561 4.264336 6.034734 6.288088 5.830995 5.525599 7.673470 7.157685 7.389480 7.082820 7.063889 8.580900 5.942446 8.729221 10.853426 8.133960 9.093049 9.684658 10.480752 11.001357 11.817219 12.399244 10.803718 10.735581 12.675440 12.853125 14.153178 13.471872 12.967622 13.629243 14.991847 12.023065 13.467422 14.391119 15.687952 15.691871 16.929760 15.803985 15.028554 15.158230 14.738508 16.419214 13.899876 
0.280637 0.350766 0.218510 0.817165 1.004909 1.010334 1.593819 2.348852 1.817519 2.679899 2.151320 2.875446 3.512276 3.797505 4.211394 4.310113 3.846264 3.663726 4.630961 4.592178 5.528453 4.147497 5.047940 6.371638 6.710681 6.333364 5.614340 8.439550 7.133483 8.099307 8.128882 8.122390 9.088588 7.215964 9.811445 11.101823 8.335378 9.064736 10.204546 9.386061 10.268195 10.291294 12.788413 10.759301 10.655432 13.415461 13.258955 13.858983 12.008000 11.710449 14.092837 14.700156 11.090104 13.167603 13.340346 17.059624 16.184734 15.680159 15.514323 14.329054 14.295770 13.123332 16.395752 12.762761 
0.564246 0.766937 0.584877 1.749714 1.219446 1.036135 1.693218 2.781697 2.045889 2.015885 2.522234 3.110240 3.131413 3.791000 4.488474 4.141872 3.418127 3.658805 5.216061 4.186440 5.329509 3.626654 4.191732 6.212911 6.021098 6.439447 5.957767 7.162440 7.113360 6.919050 6.020581 7.467887 8.314173 6.163323 8.458784 9.237509 7.414133 8.554963 9.707904 9.161421 10.467406 10.537050 10.598790 10.702097 11.684767 11.999503 11.566522 12.300763 12.473433 11.903302 11.721474 12.916691 11.243703 12.365490 13.821867 16.387928 14.239502 15.661742 14.754736 13.361004 14.065810 13.282058 16.015545 11.988712 
0.505206 0.526559 0.178642 1.043403 0.873558 0.812524 1.436816 2.743585 1.502145 2.028912 2.549910 3.104492 3.483642 3.594658 3.657470 5.014420 3.707671 4.478290 5.740523 5.333742 4.847233 5.213932 5.574931 6.441483 7.049335 7.334507 6.493264 8.560636 9.309440 8.704584 8.523355 9.142160 9.513783 7.610007 8.923902 12.205134 8.498788 10.430429 11.115229 10.704401 11.399317 11.833612 14.081022 12.263150 12.190484 13.682472 13.580939 12.271027 13.342312 12.321529 13.510973 15.048199 11.379296 14.348121 15.223650 18.341635 16.664900 16.647635 15.664866 15.168810 16.540680 15.071851 17.115435 14.590948 
0.606890 0.567864 0.109880 1.140617 0.978907 0.813691 1.783711 2.188699 1.544454 2.662347 2.307891 2.725030 3.237501 4.474071 4.094875 3.777864 3.136711 3.358722 4.175644 4.498004 4.793655 3.796143 3.866978 5.410517 5.411442 6.017457 5.163208 7.637575 6.095270 6.234272 6.824253 7.138433 7.639777 6.853594 7.899827 9.038424 6.273165 8.829913 8.559339 9.268399 8.703679 9.304179 11.227823 10.562948 10.308740 13.620460 13.044901 12.928722 11.506841 11.326364 13.656856 13.525053 10.946643 11.764357 12.278155 14.829708 14.302853 14.892817 14.341837 14.281604 13.972781 12.754333 16.783468 13.850661 
0.473931 0.621599 0.444815 1.270711 0.927159 0.749387 1.784150 2.280983 1.597524 2.551064 2.016559 2.761174 2.932566 4.356015 4.445090 4.554562 4.217730 3.762885 5.141212 4.573376 6.768625 4.389606 4.300444 6.387281 6.392351 6.413815 5.619510 8.458707 8.157341 8.222027 7.820937 8.636057 9.101485 6.470282 8.971058 10.215790 7.781586 8.611502 9.674487 9.111181 10.099778 10.510318 12.495977 11.722429 11.749072 14.063810 13.308661 14.204818 12.019152 13.766036 13.555089 13.831819 10.944656 13.483597 14.336923 15.965899 14.452415 15.773925 15.252192 14.850283 14.707142 14.980227 16.876558 13.966581 
0.629964 0.689936 0.346814 1.618343 1.147214 0.945933 2.135605 2.901111 1.809693 2.229679 2.719634 3.308712 3.581440 4.951385 4.638906 5.176631 3.940133 4.412982 5.530781 6.015574 5.680676 4.681666 4.991725 6.986206 6.444452 6.762599 6.742777 8.644711 8.051179 7.466121 7.053184 8.366082 8.406290 6.353678 8.222417 9.720029 7.615811 9.788442 10.040294 9.101488 10.407147 10.779770 12.135691 12.017824 12.191004 13.415016 12.178268 13.138894 12.519444 12.782669 13.583902 14.890192 11.270123 11.938798 13.516941 14.734802 15.504665 14.451662 14.875278 14.940804 15.230222 15.302423 17.111120 14.850058 
0.698398 0.918130 0.626194 1.774282 1.472365 1.096422 1.780317 3.136806 1.911020 3.410764 2.942164 2.793605 3.396477 3.988697 4.064647 4.164732 4.026823 3.987819 5.426293 4.803753 5.154789 3.625742 4.648162 6.255000 6.663039 6.617327 5.691495 7.750894 7.452527 7.479740 8.548051 7.509703 9.480551 6.766278 8.199761 10.228456 8.050230 8.001795 9.772414 9.234768 9.340042 10.184778 11.319482 11.160925 11.183052 12.381904 12.042561 11.686503 11.451874 12.138712 12.946012 12.613293 9.935265 12.318666 11.524036 16.098698 15.295197 14.033383 14.945673 14.873100 14.738846 14.964739 16.142651 14.097119 
0.264737 0.265053 0.142282 0.889320 0.598202 0.543707 1.596438 2.923526 1.535682 1.754378 2.510194 2.316154 3.017847 3.142797 2.985207 4.583217 3.251499 3.984772 5.079829 4.593817 4.425508 3.661622 4.139015 5.243949 5.369663 5.784508 4.815010 6.975198 6.676782 6.769350 6.437084 7.384458 7.861774 6.262638 7.684452 9.933340 6.752721 8.623904 9.233474 8.822153 9.275618 10.875017 11.627317 10.499636 10.459604 12.958554 12.629153 13.607071 11.273137 11.916283 12.781033 14.210407 10.699567 12.286237 13.240036 14.458117 13.903266 14.135028 14.041464 15.711749 16.567118 14.578605 17.453333 15.010477 
0.008222 0.311372 0.685587 1.234940 0.913855 0.783469 1.526637 3.146761 2.065618 2.111428 2.457601 2.961179 3.458956 3.973769 4.825721 5.420879 4.234201 4.401842 5.481706 4.923484 6.231557 4.737004 4.641648 5.955320 6.566385 6.265368 6.077207 7.231518 6.972033 8.150052 7.121942 6.815092 8.293444 5.538563 8.159050 9.590051 7.008407 9.717897 9.628273 9.603451 10.692409 11.810020 11.640332 10.522483 11.810681 12.363096 12.824999 12.974987 12.592998 13.006596 13.553171 13.179110 10.526784 14.177670 13.172619 14.736445 15.575972 15.312169 14.757923 15.519301 14.434555 15.027038 17.388506 14.633997 
0.677614 0.854128 0.607302 1.829884 1.092085 0.617553 2.081342 2.405196 2.369495 2.676665 2.190585 2.846560 2.844805 4.314544 4.489217 4.589097 4.300423 3.504436 5.568228 5.362647 6.038175 3.945418 4.517879 7.292813 5.779723 7.068758 6.382491 8.075584 8.277470 6.400506 8.105589 8.251631 9.775736 7.247780 8.624419 10.435251 9.426065 10.058426 9.571526 10.172279 11.941844 11.696167 14.315064 11.885919 12.487582 14.615891 13.481951 14.150210 13.563437 14.435616 14.979721 15.371842 12.350826 13.848049 14.606356 16.849430 15.779733 17.413147 16.569887 17.317442 17.287560 15.889126 20.757887 18.077139 
0.051382 0.111174 0.200005 0.844429 0.551539 0.667572 1.028153 2.363409 1.259093 1.205291 2.147266 2.356406 2.862828 4.112068 4.306082 4.659665 3.506862 4.130726 4.977036 4.499539 5.248845 4.354707 4.350112 6.084120 5.568270 6.210546 6.406991 7.860256 8.704098 8.032986 7.883024 8.917095 9.325956 7.097005 9.839071 11.287545 7.708185 10.364149 10.091017 9.735993 12.207409 11.735782 12.393398 10.612391 11.532580 12.710629 12.695344 13.180867 12.903667 12.101713 13.243393 14.534598 12.437866 13.209579 14.449840 14.657794 15.653825 15.728826 15.443210 16.902679 16.799726 15.560534 17.838736 17.079342 
